0000 7.50e-04 1.25e+04 5.00e-01 1.50e+01 1.00e+00 
0001 7.50e-04 1.25e+04 5.00e-01 1.50e+01 2.00e+00 
0002 7.50e-04 1.25e+04 5.00e-01 1.50e+01 3.00e+00 
0003 7.50e-04 1.25e+04 5.00e-01 1.50e+01 4.00e+00 
0004 7.50e-04 1.25e+04 5.00e-01 2.50e+01 1.00e+00 
0005 7.50e-04 1.25e+04 5.00e-01 2.50e+01 2.00e+00 
0006 7.50e-04 1.25e+04 5.00e-01 2.50e+01 3.00e+00 
0007 7.50e-04 1.25e+04 5.00e-01 2.50e+01 4.00e+00 
0008 7.50e-04 1.25e+04 5.00e-01 3.50e+01 1.00e+00 
0009 7.50e-04 1.25e+04 5.00e-01 3.50e+01 2.00e+00 
0010 7.50e-04 1.25e+04 5.00e-01 3.50e+01 3.00e+00 
0011 7.50e-04 1.25e+04 5.00e-01 3.50e+01 4.00e+00 
0012 7.50e-04 1.25e+04 5.00e-01 4.50e+01 1.00e+00 
0013 7.50e-04 1.25e+04 5.00e-01 4.50e+01 2.00e+00 
0014 7.50e-04 1.25e+04 5.00e-01 4.50e+01 3.00e+00 
0015 7.50e-04 1.25e+04 5.00e-01 4.50e+01 4.00e+00 
0016 7.50e-04 1.25e+04 1.00e+00 1.50e+01 1.00e+00 
0017 7.50e-04 1.25e+04 1.00e+00 1.50e+01 2.00e+00 
0018 7.50e-04 1.25e+04 1.00e+00 1.50e+01 3.00e+00 
0019 7.50e-04 1.25e+04 1.00e+00 1.50e+01 4.00e+00 
0020 7.50e-04 1.25e+04 1.00e+00 2.50e+01 1.00e+00 
0021 7.50e-04 1.25e+04 1.00e+00 2.50e+01 2.00e+00 
0022 7.50e-04 1.25e+04 1.00e+00 2.50e+01 3.00e+00 
0023 7.50e-04 1.25e+04 1.00e+00 2.50e+01 4.00e+00 
0024 7.50e-04 1.25e+04 1.00e+00 3.50e+01 1.00e+00 
0025 7.50e-04 1.25e+04 1.00e+00 3.50e+01 2.00e+00 
0026 7.50e-04 1.25e+04 1.00e+00 3.50e+01 3.00e+00 
0027 7.50e-04 1.25e+04 1.00e+00 3.50e+01 4.00e+00 
0028 7.50e-04 1.25e+04 1.00e+00 4.50e+01 1.00e+00 
0029 7.50e-04 1.25e+04 1.00e+00 4.50e+01 2.00e+00 
0030 7.50e-04 1.25e+04 1.00e+00 4.50e+01 3.00e+00 
0031 7.50e-04 1.25e+04 1.00e+00 4.50e+01 4.00e+00 
0032 7.50e-04 1.25e+04 1.50e+00 1.50e+01 1.00e+00 
0033 7.50e-04 1.25e+04 1.50e+00 1.50e+01 2.00e+00 
0034 7.50e-04 1.25e+04 1.50e+00 1.50e+01 3.00e+00 
0035 7.50e-04 1.25e+04 1.50e+00 1.50e+01 4.00e+00 
0036 7.50e-04 1.25e+04 1.50e+00 2.50e+01 1.00e+00 
0037 7.50e-04 1.25e+04 1.50e+00 2.50e+01 2.00e+00 
0038 7.50e-04 1.25e+04 1.50e+00 2.50e+01 3.00e+00 
0039 7.50e-04 1.25e+04 1.50e+00 2.50e+01 4.00e+00 
0040 7.50e-04 1.25e+04 1.50e+00 3.50e+01 1.00e+00 
0041 7.50e-04 1.25e+04 1.50e+00 3.50e+01 2.00e+00 
0042 7.50e-04 1.25e+04 1.50e+00 3.50e+01 3.00e+00 
0043 7.50e-04 1.25e+04 1.50e+00 3.50e+01 4.00e+00 
0044 7.50e-04 1.25e+04 1.50e+00 4.50e+01 1.00e+00 
0045 7.50e-04 1.25e+04 1.50e+00 4.50e+01 2.00e+00 
0046 7.50e-04 1.25e+04 1.50e+00 4.50e+01 3.00e+00 
0047 7.50e-04 1.25e+04 1.50e+00 4.50e+01 4.00e+00 
0048 7.50e-04 1.25e+04 2.00e+00 1.50e+01 1.00e+00 
0049 7.50e-04 1.25e+04 2.00e+00 1.50e+01 2.00e+00 
0050 7.50e-04 1.25e+04 2.00e+00 1.50e+01 3.00e+00 
0051 7.50e-04 1.25e+04 2.00e+00 1.50e+01 4.00e+00 
0052 7.50e-04 1.25e+04 2.00e+00 2.50e+01 1.00e+00 
0053 7.50e-04 1.25e+04 2.00e+00 2.50e+01 2.00e+00 
0054 7.50e-04 1.25e+04 2.00e+00 2.50e+01 3.00e+00 
0055 7.50e-04 1.25e+04 2.00e+00 2.50e+01 4.00e+00 
0056 7.50e-04 1.25e+04 2.00e+00 3.50e+01 1.00e+00 
0057 7.50e-04 1.25e+04 2.00e+00 3.50e+01 2.00e+00 
0058 7.50e-04 1.25e+04 2.00e+00 3.50e+01 3.00e+00 
0059 7.50e-04 1.25e+04 2.00e+00 3.50e+01 4.00e+00 
0060 7.50e-04 1.25e+04 2.00e+00 4.50e+01 1.00e+00 
0061 7.50e-04 1.25e+04 2.00e+00 4.50e+01 2.00e+00 
0062 7.50e-04 1.25e+04 2.00e+00 4.50e+01 3.00e+00 
0063 7.50e-04 1.25e+04 2.00e+00 4.50e+01 4.00e+00 
0064 3.00e-03 1.25e+04 5.00e-01 1.50e+01 1.00e+00 
0065 3.00e-03 1.25e+04 5.00e-01 1.50e+01 2.00e+00 
0066 3.00e-03 1.25e+04 5.00e-01 1.50e+01 3.00e+00 
0067 3.00e-03 1.25e+04 5.00e-01 1.50e+01 4.00e+00 
0068 3.00e-03 1.25e+04 5.00e-01 2.50e+01 1.00e+00 
0069 3.00e-03 1.25e+04 5.00e-01 2.50e+01 2.00e+00 
0070 3.00e-03 1.25e+04 5.00e-01 2.50e+01 3.00e+00 
0071 3.00e-03 1.25e+04 5.00e-01 2.50e+01 4.00e+00 
0072 3.00e-03 1.25e+04 5.00e-01 3.50e+01 1.00e+00 
0073 3.00e-03 1.25e+04 5.00e-01 3.50e+01 2.00e+00 
0074 3.00e-03 1.25e+04 5.00e-01 3.50e+01 3.00e+00 
0075 3.00e-03 1.25e+04 5.00e-01 3.50e+01 4.00e+00 
0076 3.00e-03 1.25e+04 5.00e-01 4.50e+01 1.00e+00 
0077 3.00e-03 1.25e+04 5.00e-01 4.50e+01 2.00e+00 
0078 3.00e-03 1.25e+04 5.00e-01 4.50e+01 3.00e+00 
0079 3.00e-03 1.25e+04 5.00e-01 4.50e+01 4.00e+00 
0080 3.00e-03 1.25e+04 1.00e+00 1.50e+01 1.00e+00 
0081 3.00e-03 1.25e+04 1.00e+00 1.50e+01 2.00e+00 
0082 3.00e-03 1.25e+04 1.00e+00 1.50e+01 3.00e+00 
0083 3.00e-03 1.25e+04 1.00e+00 1.50e+01 4.00e+00 
0084 3.00e-03 1.25e+04 1.00e+00 2.50e+01 1.00e+00 
0085 3.00e-03 1.25e+04 1.00e+00 2.50e+01 2.00e+00 
0086 3.00e-03 1.25e+04 1.00e+00 2.50e+01 3.00e+00 
0087 3.00e-03 1.25e+04 1.00e+00 2.50e+01 4.00e+00 
0088 3.00e-03 1.25e+04 1.00e+00 3.50e+01 1.00e+00 
0089 3.00e-03 1.25e+04 1.00e+00 3.50e+01 2.00e+00 
0090 3.00e-03 1.25e+04 1.00e+00 3.50e+01 3.00e+00 
0091 3.00e-03 1.25e+04 1.00e+00 3.50e+01 4.00e+00 
0092 3.00e-03 1.25e+04 1.00e+00 4.50e+01 1.00e+00 
0093 3.00e-03 1.25e+04 1.00e+00 4.50e+01 2.00e+00 
0094 3.00e-03 1.25e+04 1.00e+00 4.50e+01 3.00e+00 
0095 3.00e-03 1.25e+04 1.00e+00 4.50e+01 4.00e+00 
0096 3.00e-03 1.25e+04 1.50e+00 1.50e+01 1.00e+00 
0097 3.00e-03 1.25e+04 1.50e+00 1.50e+01 2.00e+00 
0098 3.00e-03 1.25e+04 1.50e+00 1.50e+01 3.00e+00 
0099 3.00e-03 1.25e+04 1.50e+00 1.50e+01 4.00e+00 
0100 3.00e-03 1.25e+04 1.50e+00 2.50e+01 1.00e+00 
0101 3.00e-03 1.25e+04 1.50e+00 2.50e+01 2.00e+00 
0102 3.00e-03 1.25e+04 1.50e+00 2.50e+01 3.00e+00 
0103 3.00e-03 1.25e+04 1.50e+00 2.50e+01 4.00e+00 
0104 3.00e-03 1.25e+04 1.50e+00 3.50e+01 1.00e+00 
0105 3.00e-03 1.25e+04 1.50e+00 3.50e+01 2.00e+00 
0106 3.00e-03 1.25e+04 1.50e+00 3.50e+01 3.00e+00 
0107 3.00e-03 1.25e+04 1.50e+00 3.50e+01 4.00e+00 
0108 3.00e-03 1.25e+04 1.50e+00 4.50e+01 1.00e+00 
0109 3.00e-03 1.25e+04 1.50e+00 4.50e+01 2.00e+00 
0110 3.00e-03 1.25e+04 1.50e+00 4.50e+01 3.00e+00 
0111 3.00e-03 1.25e+04 1.50e+00 4.50e+01 4.00e+00 
0112 3.00e-03 1.25e+04 2.00e+00 1.50e+01 1.00e+00 
0113 3.00e-03 1.25e+04 2.00e+00 1.50e+01 2.00e+00 
0114 3.00e-03 1.25e+04 2.00e+00 1.50e+01 3.00e+00 
0115 3.00e-03 1.25e+04 2.00e+00 1.50e+01 4.00e+00 
0116 3.00e-03 1.25e+04 2.00e+00 2.50e+01 1.00e+00 
0117 3.00e-03 1.25e+04 2.00e+00 2.50e+01 2.00e+00 
0118 3.00e-03 1.25e+04 2.00e+00 2.50e+01 3.00e+00 
0119 3.00e-03 1.25e+04 2.00e+00 2.50e+01 4.00e+00 
0120 3.00e-03 1.25e+04 2.00e+00 3.50e+01 1.00e+00 
0121 3.00e-03 1.25e+04 2.00e+00 3.50e+01 2.00e+00 
0122 3.00e-03 1.25e+04 2.00e+00 3.50e+01 3.00e+00 
0123 3.00e-03 1.25e+04 2.00e+00 3.50e+01 4.00e+00 
0124 3.00e-03 1.25e+04 2.00e+00 4.50e+01 1.00e+00 
0125 3.00e-03 1.25e+04 2.00e+00 4.50e+01 2.00e+00 
0126 3.00e-03 1.25e+04 2.00e+00 4.50e+01 3.00e+00 
0127 3.00e-03 1.25e+04 2.00e+00 4.50e+01 4.00e+00 
0128 7.50e-03 1.25e+04 5.00e-01 1.50e+01 1.00e+00 
0129 7.50e-03 1.25e+04 5.00e-01 1.50e+01 2.00e+00 
0130 7.50e-03 1.25e+04 5.00e-01 1.50e+01 3.00e+00 
0131 7.50e-03 1.25e+04 5.00e-01 1.50e+01 4.00e+00 
0132 7.50e-03 1.25e+04 5.00e-01 2.50e+01 1.00e+00 
0133 7.50e-03 1.25e+04 5.00e-01 2.50e+01 2.00e+00 
0134 7.50e-03 1.25e+04 5.00e-01 2.50e+01 3.00e+00 
0135 7.50e-03 1.25e+04 5.00e-01 2.50e+01 4.00e+00 
0136 7.50e-03 1.25e+04 5.00e-01 3.50e+01 1.00e+00 
0137 7.50e-03 1.25e+04 5.00e-01 3.50e+01 2.00e+00 
0138 7.50e-03 1.25e+04 5.00e-01 3.50e+01 3.00e+00 
0139 7.50e-03 1.25e+04 5.00e-01 3.50e+01 4.00e+00 
0140 7.50e-03 1.25e+04 5.00e-01 4.50e+01 1.00e+00 
0141 7.50e-03 1.25e+04 5.00e-01 4.50e+01 2.00e+00 
0142 7.50e-03 1.25e+04 5.00e-01 4.50e+01 3.00e+00 
0143 7.50e-03 1.25e+04 5.00e-01 4.50e+01 4.00e+00 
0144 7.50e-03 1.25e+04 1.00e+00 1.50e+01 1.00e+00 
0145 7.50e-03 1.25e+04 1.00e+00 1.50e+01 2.00e+00 
0146 7.50e-03 1.25e+04 1.00e+00 1.50e+01 3.00e+00 
0147 7.50e-03 1.25e+04 1.00e+00 1.50e+01 4.00e+00 
0148 7.50e-03 1.25e+04 1.00e+00 2.50e+01 1.00e+00 
0149 7.50e-03 1.25e+04 1.00e+00 2.50e+01 2.00e+00 
0150 7.50e-03 1.25e+04 1.00e+00 2.50e+01 3.00e+00 
0151 7.50e-03 1.25e+04 1.00e+00 2.50e+01 4.00e+00 
0152 7.50e-03 1.25e+04 1.00e+00 3.50e+01 1.00e+00 
0153 7.50e-03 1.25e+04 1.00e+00 3.50e+01 2.00e+00 
0154 7.50e-03 1.25e+04 1.00e+00 3.50e+01 3.00e+00 
0155 7.50e-03 1.25e+04 1.00e+00 3.50e+01 4.00e+00 
0156 7.50e-03 1.25e+04 1.00e+00 4.50e+01 1.00e+00 
0157 7.50e-03 1.25e+04 1.00e+00 4.50e+01 2.00e+00 
0158 7.50e-03 1.25e+04 1.00e+00 4.50e+01 3.00e+00 
0159 7.50e-03 1.25e+04 1.00e+00 4.50e+01 4.00e+00 
0160 7.50e-03 1.25e+04 1.50e+00 1.50e+01 1.00e+00 
0161 7.50e-03 1.25e+04 1.50e+00 1.50e+01 2.00e+00 
0162 7.50e-03 1.25e+04 1.50e+00 1.50e+01 3.00e+00 
0163 7.50e-03 1.25e+04 1.50e+00 1.50e+01 4.00e+00 
0164 7.50e-03 1.25e+04 1.50e+00 2.50e+01 1.00e+00 
0165 7.50e-03 1.25e+04 1.50e+00 2.50e+01 2.00e+00 
0166 7.50e-03 1.25e+04 1.50e+00 2.50e+01 3.00e+00 
0167 7.50e-03 1.25e+04 1.50e+00 2.50e+01 4.00e+00 
0168 7.50e-03 1.25e+04 1.50e+00 3.50e+01 1.00e+00 
0169 7.50e-03 1.25e+04 1.50e+00 3.50e+01 2.00e+00 
0170 7.50e-03 1.25e+04 1.50e+00 3.50e+01 3.00e+00 
0171 7.50e-03 1.25e+04 1.50e+00 3.50e+01 4.00e+00 
0172 7.50e-03 1.25e+04 1.50e+00 4.50e+01 1.00e+00 
0173 7.50e-03 1.25e+04 1.50e+00 4.50e+01 2.00e+00 
0174 7.50e-03 1.25e+04 1.50e+00 4.50e+01 3.00e+00 
0175 7.50e-03 1.25e+04 1.50e+00 4.50e+01 4.00e+00 
0176 7.50e-03 1.25e+04 2.00e+00 1.50e+01 1.00e+00 
0177 7.50e-03 1.25e+04 2.00e+00 1.50e+01 2.00e+00 
0178 7.50e-03 1.25e+04 2.00e+00 1.50e+01 3.00e+00 
0179 7.50e-03 1.25e+04 2.00e+00 1.50e+01 4.00e+00 
0180 7.50e-03 1.25e+04 2.00e+00 2.50e+01 1.00e+00 
0181 7.50e-03 1.25e+04 2.00e+00 2.50e+01 2.00e+00 
0182 7.50e-03 1.25e+04 2.00e+00 2.50e+01 3.00e+00 
0183 7.50e-03 1.25e+04 2.00e+00 2.50e+01 4.00e+00 
0184 7.50e-03 1.25e+04 2.00e+00 3.50e+01 1.00e+00 
0185 7.50e-03 1.25e+04 2.00e+00 3.50e+01 2.00e+00 
0186 7.50e-03 1.25e+04 2.00e+00 3.50e+01 3.00e+00 
0187 7.50e-03 1.25e+04 2.00e+00 3.50e+01 4.00e+00 
0188 7.50e-03 1.25e+04 2.00e+00 4.50e+01 1.00e+00 
0189 7.50e-03 1.25e+04 2.00e+00 4.50e+01 2.00e+00 
0190 7.50e-03 1.25e+04 2.00e+00 4.50e+01 3.00e+00 
0191 7.50e-03 1.25e+04 2.00e+00 4.50e+01 4.00e+00 
0192 2.00e-02 1.25e+04 5.00e-01 1.50e+01 1.00e+00 
0193 2.00e-02 1.25e+04 5.00e-01 1.50e+01 2.00e+00 
0194 2.00e-02 1.25e+04 5.00e-01 1.50e+01 3.00e+00 
0195 2.00e-02 1.25e+04 5.00e-01 1.50e+01 4.00e+00 
0196 2.00e-02 1.25e+04 5.00e-01 2.50e+01 1.00e+00 
0197 2.00e-02 1.25e+04 5.00e-01 2.50e+01 2.00e+00 
0198 2.00e-02 1.25e+04 5.00e-01 2.50e+01 3.00e+00 
0199 2.00e-02 1.25e+04 5.00e-01 2.50e+01 4.00e+00 
0200 2.00e-02 1.25e+04 5.00e-01 3.50e+01 1.00e+00 
0201 2.00e-02 1.25e+04 5.00e-01 3.50e+01 2.00e+00 
0202 2.00e-02 1.25e+04 5.00e-01 3.50e+01 3.00e+00 
0203 2.00e-02 1.25e+04 5.00e-01 3.50e+01 4.00e+00 
0204 2.00e-02 1.25e+04 5.00e-01 4.50e+01 1.00e+00 
0205 2.00e-02 1.25e+04 5.00e-01 4.50e+01 2.00e+00 
0206 2.00e-02 1.25e+04 5.00e-01 4.50e+01 3.00e+00 
0207 2.00e-02 1.25e+04 5.00e-01 4.50e+01 4.00e+00 
0208 2.00e-02 1.25e+04 1.00e+00 1.50e+01 1.00e+00 
0209 2.00e-02 1.25e+04 1.00e+00 1.50e+01 2.00e+00 
0210 2.00e-02 1.25e+04 1.00e+00 1.50e+01 3.00e+00 
0211 2.00e-02 1.25e+04 1.00e+00 1.50e+01 4.00e+00 
0212 2.00e-02 1.25e+04 1.00e+00 2.50e+01 1.00e+00 
0213 2.00e-02 1.25e+04 1.00e+00 2.50e+01 2.00e+00 
0214 2.00e-02 1.25e+04 1.00e+00 2.50e+01 3.00e+00 
0215 2.00e-02 1.25e+04 1.00e+00 2.50e+01 4.00e+00 
0216 2.00e-02 1.25e+04 1.00e+00 3.50e+01 1.00e+00 
0217 2.00e-02 1.25e+04 1.00e+00 3.50e+01 2.00e+00 
0218 2.00e-02 1.25e+04 1.00e+00 3.50e+01 3.00e+00 
0219 2.00e-02 1.25e+04 1.00e+00 3.50e+01 4.00e+00 
0220 2.00e-02 1.25e+04 1.00e+00 4.50e+01 1.00e+00 
0221 2.00e-02 1.25e+04 1.00e+00 4.50e+01 2.00e+00 
0222 2.00e-02 1.25e+04 1.00e+00 4.50e+01 3.00e+00 
0223 2.00e-02 1.25e+04 1.00e+00 4.50e+01 4.00e+00 
0224 2.00e-02 1.25e+04 1.50e+00 1.50e+01 1.00e+00 
0225 2.00e-02 1.25e+04 1.50e+00 1.50e+01 2.00e+00 
0226 2.00e-02 1.25e+04 1.50e+00 1.50e+01 3.00e+00 
0227 2.00e-02 1.25e+04 1.50e+00 1.50e+01 4.00e+00 
0228 2.00e-02 1.25e+04 1.50e+00 2.50e+01 1.00e+00 
0229 2.00e-02 1.25e+04 1.50e+00 2.50e+01 2.00e+00 
0230 2.00e-02 1.25e+04 1.50e+00 2.50e+01 3.00e+00 
0231 2.00e-02 1.25e+04 1.50e+00 2.50e+01 4.00e+00 
0232 2.00e-02 1.25e+04 1.50e+00 3.50e+01 1.00e+00 
0233 2.00e-02 1.25e+04 1.50e+00 3.50e+01 2.00e+00 
0234 2.00e-02 1.25e+04 1.50e+00 3.50e+01 3.00e+00 
0235 2.00e-02 1.25e+04 1.50e+00 3.50e+01 4.00e+00 
0236 2.00e-02 1.25e+04 1.50e+00 4.50e+01 1.00e+00 
0237 2.00e-02 1.25e+04 1.50e+00 4.50e+01 2.00e+00 
0238 2.00e-02 1.25e+04 1.50e+00 4.50e+01 3.00e+00 
0239 2.00e-02 1.25e+04 1.50e+00 4.50e+01 4.00e+00 
0240 2.00e-02 1.25e+04 2.00e+00 1.50e+01 1.00e+00 
0241 2.00e-02 1.25e+04 2.00e+00 1.50e+01 2.00e+00 
0242 2.00e-02 1.25e+04 2.00e+00 1.50e+01 3.00e+00 
0243 2.00e-02 1.25e+04 2.00e+00 1.50e+01 4.00e+00 
0244 2.00e-02 1.25e+04 2.00e+00 2.50e+01 1.00e+00 
0245 2.00e-02 1.25e+04 2.00e+00 2.50e+01 2.00e+00 
0246 2.00e-02 1.25e+04 2.00e+00 2.50e+01 3.00e+00 
0247 2.00e-02 1.25e+04 2.00e+00 2.50e+01 4.00e+00 
0248 2.00e-02 1.25e+04 2.00e+00 3.50e+01 1.00e+00 
0249 2.00e-02 1.25e+04 2.00e+00 3.50e+01 2.00e+00 
0250 2.00e-02 1.25e+04 2.00e+00 3.50e+01 3.00e+00 
0251 2.00e-02 1.25e+04 2.00e+00 3.50e+01 4.00e+00 
0252 2.00e-02 1.25e+04 2.00e+00 4.50e+01 1.00e+00 
0253 2.00e-02 1.25e+04 2.00e+00 4.50e+01 2.00e+00 
0254 2.00e-02 1.25e+04 2.00e+00 4.50e+01 3.00e+00 
0255 2.00e-02 1.25e+04 2.00e+00 4.50e+01 4.00e+00 
